QCD_cen1brpf_par0: 0.0191897430705 +/- 0.0
QCD_cen1brpf_par1: -0.192904196598 +/- 0.0
