QCD_rpf_par0: 0.00277163567735 +/- 0.000179700829457
QCD_rpf_par1: -0.0142167603138 +/- 0.00353253948902
QCD_rpf_par2: 0.0570566310667 +/- 0.012983458651
QCD_rpf_par3: -0.0461082628497 +/- 0.0115750016583
QCD_rpf_par4: 4.99999783582 +/- 0.815179975936
QCD_rpf_par5: 4.99997400781 +/- 6.20108242782
