QCD_rpf_par0: 0.00287319415612 +/- 0.000180140449801
QCD_rpf_par1: -0.0176509041255 +/- 0.00346933357797
QCD_rpf_par2: 0.0619631931431 +/- 0.0125422144789
QCD_rpf_par3: -0.0476523182709 +/- 0.0111639781382
QCD_rpf_par4: 4.99999995991 +/- 1.61865245718
QCD_rpf_par5: 4.99999997215 +/- 1.26015301292
