QCD_cen1brpf_par0: 0.0367974847843 +/- 0.0
QCD_cen1brpf_par1: -0.892489195419 +/- 0.0
