QCD_fwd2brpf_par0: 0.0477158979527 +/- 0.0
QCD_fwd2brpf_par1: -0.212778606032 +/- 0.0
