QCD_cen2brpf_par0: 0.0254228263062 +/- 0.0
QCD_cen2brpf_par1: -0.00772344724458 +/- 0.0
