QCD_fwd2brpf_par0: 0.0478389810541 +/- 0.0
QCD_fwd2brpf_par1: -0.202901313911 +/- 0.0
