QCD_cen0brpf_par0: 0.019104904292 +/- 0.0
QCD_cen0brpf_par1: -4.96428338736 +/- 0.0
