QCD_fwd0brpf_par0: 0.0407136571466 +/- 0.0
QCD_fwd0brpf_par1: -4.28156118188 +/- 0.0
