QCD_fwd1brpf_par0: 0.0380481583419 +/- 0.0
QCD_fwd1brpf_par1: -0.950604982851 +/- 0.0
