QCD_fwd1brpf_par0: 0.0274129721052 +/- 0.0
QCD_fwd1brpf_par1: -1.44618647858 +/- 0.0
