QCD_cen0brpf_par0: 0.0401794973867 +/- 0.0
QCD_cen0brpf_par1: -4.47394897131 +/- 0.0
