QCD_fwd0brpf_par0: 0.0196686185339 +/- 0.0
QCD_fwd0brpf_par1: -4.9997718065 +/- 0.0
