QCD_cen2brpf_par0: 0.0251885897972 +/- 0.0
QCD_cen2brpf_par1: -0.00881211493283 +/- 0.0
